ID	SNP1	SNP2	SNP3	SNP4	SNP5	SNP6	SNP7	SNP8	SNP9	SNP10	SNP11	SNP12	SNP13	SNP14	SNP15	SNP16	SNP17	SNP18	SNP19	SNP20	SNP21	SNP22	SNP23	SNP24	SNP25	SNP26	SNP27	SNP28	SNP29	SNP30
ID1	5	1	0	1	1	0	5	1	5	0	0	0	0	5	5	1	0	0	2	0	0	0	0	1	2	0	0	2	0	0
ID2	1	2	5	2	0	2	5	0	0	1	2	1	5	5	2	0	2	0	0	2	0	5	1	1	2	2	2	5	1	0
ID3	2	2	1	1	0	1	1	5	0	2	0	2	1	1	0	1	1	0	0	5	2	1	5	2	0	5	2	0	1	0
ID4	5	0	0	5	5	0	1	0	0	5	0	5	1	0	2	0	1	5	0	5	0	0	2	0	1	5	0	2	5	1
ID5	5	0	2	2	5	0	0	2	1	2	2	2	5	1	5	2	2	2	1	5	5	1	1	1	5	2	1	1	0	0
ID6	5	5	1	5	5	5	2	1	0	0	5	0	2	2	1	1	0	2	2	1	1	1	5	5	1	0	0	5	1	0
ID7	2	0	5	2	1	1	0	1	1	0	5	1	5	0	0	1	1	2	0	5	1	0	1	2	5	0	2	1	0	5
ID8	1	2	0	2	5	2	5	5	0	2	0	2	0	5	1	2	2	5	5	0	0	1	1	0	0	5	2	0	0	2
ID9	1	5	5	1	2	5	0	1	1	0	2	2	1	2	2	1	1	2	5	5	5	5	0	2	5	1	1	5	5	5
ID10	2	1	2	0	1	0	1	2	1	2	2	0	5	1	1	1	1	5	5	1	5	1	0	2	5	2	1	1	1	0
ID11	1	1	0	0	2	0	0	2	5	5	0	5	0	5	5	0	1	5	1	5	2	1	5	2	1	0	1	2	2	0
ID12	5	0	1	1	2	1	2	5	2	1	2	5	0	5	2	1	5	5	5	1	0	5	0	0	1	2	2	5	5	1
ID13	1	5	0	5	5	2	1	5	0	1	2	2	0	5	2	0	0	1	2	5	5	5	2	0	0	2	0	1	2	2
ID14	5	0	0	1	0	5	1	0	0	1	1	2	1	5	2	5	2	1	5	0	0	0	1	0	2	0	5	0	5	0
ID15	5	1	0	1	1	0	5	0	0	1	0	0	1	5	1	1	5	1	2	5	5	0	2	5	0	0	5	1	2	5
ID16	0	1	5	1	2	2	0	5	1	1	5	1	0	0	2	2	5	1	1	1	2	0	2	2	5	2	5	0	5	2
ID17	1	1	0	1	0	2	2	5	5	2	1	5	1	1	5	1	0	5	2	0	0	1	0	0	0	1	5	1	1	5
ID18	1	1	2	2	2	2	0	5	5	1	0	0	2	0	1	0	5	2	2	2	2	0	5	5	2	5	5	0	5	1
ID19	1	5	5	2	5	0	2	5	5	1	2	5	1	1	0	1	0	1	5	5	2	2	1	5	5	5	1	0	5	2
ID20	2	5	1	1	2	5	2	1	0	0	0	1	5	5	2	1	2	5	2	5	1	5	5	0	5	0	5	5	1	1